
=== ENGLISH (Natural Stories)  (gpt2; 10 seqs, 5,120 tokens) ===
layer   trained   untrained   (radians)
    0   2.1056    2.0959
    1   2.0902    2.0869
    2   2.0846    2.0874
    3   2.0615    2.0878
    4   2.0344    2.0868
    5   2.0106    2.0861
    6   1.9929    2.0860
    7   1.9819    2.0860
    8   1.9766    2.0861
    9   1.9757    2.0860
   10   1.9842    2.0861
   11   1.9979    2.0863
   12   2.0301    2.0866
STRAIGHTENING INDEX (layer1 - min deeper): trained +0.1145   untrained +0.0009

=== CODE (human-written Python)  (codeparrot/codeparrot-small; 21 seqs, 10,752 tokens) ===
layer   trained   untrained   (radians)
    0   2.1313    2.1090
    1   2.0811    2.1004
    2   2.0358    2.0999
    3   1.9734    2.1002
    4   1.9613    2.1004
    5   1.9590    2.0996
    6   1.9721    2.0995
    7   1.9856    2.0995
    8   1.9970    2.0993
    9   2.0079    2.0991
   10   2.0190    2.0988
   11   2.0303    2.0986
   12   2.0418    2.0987
STRAIGHTENING INDEX (layer1 - min deeper): trained +0.1221   untrained +0.0018

=== PROTEIN (Swiss-Prot)  (nferruz/ProtGPT2; 100 seqs, 11,219 tokens) ===
layer   trained   untrained   (radians)
    0   2.0780    2.0948
    1   2.1424    2.0700
    2   2.1391    2.0690
    3   2.1487    2.0686
    4   2.1522    2.0681
    5   2.1532    2.0678
    6   2.1502    2.0678
    7   2.1456    2.0675
    8   2.1381    2.0675
    9   2.1294    2.0674
   10   2.1185    2.0672
   11   2.1061    2.0671
   12   2.0927    2.0667
   13   2.0814    2.0667
   14   2.0704    2.0663
   15   2.0596    2.0664
   16   2.0482    2.0663
   17   2.0370    2.0661
   18   2.0234    2.0660
   19   2.0016    2.0659
   20   1.9846    2.0658
   21   1.9677    2.0657
   22   1.9546    2.0657
   23   1.9425    2.0655
   24   1.9358    2.0655
   25   1.9250    2.0653
   26   1.9135    2.0652
   27   1.9032    2.0649
   28   1.8967    2.0648
   29   1.8948    2.0647
   30   1.9007    2.0647
   31   1.9128    2.0645
   32   1.9293    2.0644
   33   1.9461    2.0643
   34   1.9688    2.0643
   35   1.9594    2.0643
   36   2.0760    2.0643
STRAIGHTENING INDEX (layer1 - min deeper): trained +0.2476   untrained +0.0057
